oeisID	n	distinct	distinct average appearances	maximum bit length	minimum	less-than-maximum total	most common	most common appearances	bridges
A000682	10	13	1.0	20	15	13	15	1	8
A000682	10	24	1.6666666666666667	18	22	40	63	3	7
A000682	10	37	1.7027027027027026	16	15	63	255	3	6
A000682	10	56	1.7142857142857142	14	22	96	63	4	5
A000682	10	46	2.347826086956522	12	15	108	255	4	4
A000682	10	31	2.5806451612903225	10	22	80	63	4	3
A000682	10	10	3.9	8	15	39	252	5	2
A000682	10	4	3.0	6	22	12	63	4	1
A000682	10	1	3.0	4	15	3	15	3	0
A000682	11	15	1.0	22	22	15	63	1	9
A000682	11	27	1.6296296296296295	20	15	44	255	3	8
A000682	11	48	1.6666666666666667	18	22	80	63	3	7
A000682	11	72	1.6944444444444444	16	15	122	255	4	6
A000682	11	86	2.046511627906977	14	22	176	63	4	5
A000682	11	68	2.3676470588235294	12	15	161	91	4	4
A000682	11	32	3.34375	10	22	107	668	5	3
A000682	11	10	4.0	8	15	40	252	5	2
A000682	11	4	3.0	6	22	12	63	4	1
A000682	11	1	3.0	4	15	3	15	3	0
A000682	12	16	1.0	24	15	16	15	1	10
A000682	12	31	1.6451612903225807	22	22	51	63	3	9
A000682	12	53	1.6603773584905661	20	15	88	255	3	8
A000682	12	95	1.6105263157894736	18	22	153	63	4	7
A000682	12	116	1.9827586206896552	16	15	230	255	4	6
A000682	12	123	2.089430894308943	14	22	257	63	4	5
A000682	12	78	2.8205128205128207	12	15	220	252	5	4
A000682	12	32	3.5625	10	22	114	668	5	3
A000682	12	10	4.0	8	15	40	252	5	2
A000682	12	4	3.0	6	22	12	63	4	1
A000682	12	1	3.0	4	15	3	15	3	0
A000682	13	18	1.0	26	22	18	63	1	11
A000682	13	34	1.6176470588235294	24	15	55	255	3	10
A000682	13	64	1.640625	22	22	105	63	3	9
A000682	13	111	1.6126126126126126	20	15	179	255	4	8
A000682	13	170	1.8352941176470587	18	22	312	63	4	7
A000682	13	194	1.9896907216494846	16	15	386	91	4	6
A000682	13	177	2.3559322033898304	14	22	417	668	5	5
A000682	13	90	3.2111111111111112	12	15	289	252	5	4
A000682	13	32	3.90625	10	22	125	972	6	3
A000682	13	10	4.0	8	15	40	252	5	2
A000682	13	4	3.0	6	22	12	63	4	1
A000682	13	1	3.0	4	15	3	15	3	0
A000682	14	19	1.0	28	15	19	15	1	12
A000682	14	38	1.631578947368421	26	22	62	63	3	11
A000682	14	69	1.6376811594202898	24	15	113	255	3	10
A000682	14	134	1.5671641791044777	22	22	210	63	4	9
A000682	14	202	1.8217821782178218	20	15	368	255	4	8
A000682	14	291	1.8213058419243986	18	22	530	63	4	7
A000682	14	283	2.2402826855123674	16	15	634	252	5	6
A000682	14	220	2.540909090909091	14	22	559	668	5	5
A000682	14	90	3.7333333333333334	12	15	336	2780	6	4
A000682	14	32	3.90625	10	22	125	972	6	3
A000682	14	10	4.0	8	15	40	252	5	2
A000682	14	4	3.0	6	22	12	63	4	1
A000682	14	1	3.0	4	15	3	15	3	0
A000682	15	21	1.0	30	22	21	63	1	13
A000682	15	41	1.6097560975609757	28	15	66	255	3	12
A000682	15	80	1.625	26	22	130	63	3	11
A000682	15	150	1.5733333333333333	24	15	236	255	4	10
A000682	15	258	1.751937984496124	22	22	452	63	4	9
A000682	15	378	1.791005291005291	20	15	677	91	4	8
A000682	15	470	2.027659574468085	18	22	953	668	5	7
A000682	15	433	2.3117782909930717	16	15	1001	252	5	6
A000682	15	270	2.922222222222222	14	22	789	972	6	5
A000682	15	90	4.177777777777778	12	15	376	2780	6	4
A000682	15	32	3.90625	10	22	125	972	6	3
A000682	15	10	4.0	8	15	40	252	5	2
A000682	15	4	3.0	6	22	12	63	4	1
A000682	15	1	3.0	4	15	3	15	3	0
A000682	16	22	1.0	32	15	22	15	1	14
A000682	16	45	1.6222222222222222	30	22	73	63	3	13
A000682	16	85	1.6235294117647059	28	15	138	255	3	12
A000682	16	173	1.5433526011560694	26	22	267	63	4	11
A000682	16	290	1.7517241379310344	24	15	508	255	4	10
A000682	16	493	1.7018255578093306	22	22	839	63	4	9
A000682	16	636	1.9591194968553458	20	15	1246	252	5	8
A000682	16	711	2.119549929676512	18	22	1507	668	5	7
A000682	16	572	2.5174825174825175	16	15	1440	2780	6	6
A000682	16	285	3.329824561403509	14	22	949	972	6	5
A000682	16	90	4.344444444444444	12	15	391	4044	7	4
A000682	16	32	3.90625	10	22	125	972	6	3
A000682	16	10	4.0	8	15	40	252	5	2
A000682	16	4	3.0	6	22	12	63	4	1
A000682	16	1	3.0	4	15	3	15	3	0
A000682	17	24	1.0	34	22	24	63	1	15
A000682	17	48	1.6041666666666667	32	15	77	255	3	14
A000682	17	96	1.6145833333333333	30	22	155	63	3	13
A000682	17	189	1.5502645502645502	28	15	293	255	4	12
A000682	17	346	1.7109826589595376	26	22	592	63	4	11
A000682	17	582	1.697594501718213	24	15	988	91	4	10
A000682	17	895	1.8335195530726256	22	22	1641	668	5	9
A000682	17	1074	2.0232774674115457	20	15	2173	252	5	8
A000682	17	1105	2.2298642533936652	18	22	2464	972	6	7
A000682	17	750	2.7866666666666666	16	15	2090	2780	6	6
A000682	17	286	3.9335664335664338	14	22	1125	10700	7	5
A000682	17	90	4.355555555555555	12	15	392	4044	7	4
A000682	17	32	3.90625	10	22	125	972	6	3
A000682	17	10	4.0	8	15	40	252	5	2
A000682	17	4	3.0	6	22	12	63	4	1
A000682	17	1	3.0	4	15	3	15	3	0
A000682	18	25	1.0	36	15	25	15	1	16
A000682	18	52	1.6153846153846154	34	22	84	63	3	15
A000682	18	101	1.613861386138614	32	15	163	255	3	14
A000682	18	212	1.528301886792453	30	22	324	63	4	13
A000682	18	378	1.7142857142857142	28	15	648	255	4	12
A000682	18	699	1.648068669527897	26	22	1152	63	4	11
A000682	18	1081	1.8094357076780758	24	15	1956	252	5	10
A000682	18	1528	1.8985602094240839	22	22	2901	668	5	9
A000682	18	1691	2.124778237729154	20	15	3593	2780	6	8
A000682	18	1517	2.404087013843111	18	22	3647	972	6	7
A000682	18	847	3.112160566706021	16	15	2636	4044	7	6
A000682	18	286	4.22027972027972	14	22	1207	10700	7	5
A000682	18	90	4.355555555555555	12	15	392	4044	7	4
A000682	18	32	3.90625	10	22	125	972	6	3
A000682	18	10	4.0	8	15	40	252	5	2
A000682	18	4	3.0	6	22	12	63	4	1
A000682	18	1	3.0	4	15	3	15	3	0
A000682	19	27	1.0	38	22	27	63	1	17
A000682	19	55	1.6	36	15	88	255	3	16
A000682	19	112	1.6071428571428572	34	22	180	63	3	15
A000682	19	228	1.5350877192982457	32	15	350	255	4	14
A000682	19	434	1.6866359447004609	30	22	732	63	4	13
A000682	19	788	1.651015228426396	28	15	1301	91	4	12
A000682	19	1362	1.7422907488986785	26	22	2373	668	5	11
A000682	19	1985	1.8544080604534006	24	15	3681	252	5	10
A000682	19	2592	1.9841820987654322	22	22	5143	972	6	9
A000682	19	2693	2.220943186037876	20	15	5981	2780	6	8
A000682	19	2109	2.5742057847321007	18	22	5429	10700	7	7
A000682	19	895	3.7173184357541897	16	15	3327	4044	7	6
A000682	19	286	4.384615384615385	14	22	1254	15564	8	5
A000682	19	90	4.355555555555555	12	15	392	4044	7	4
A000682	19	32	3.90625	10	22	125	972	6	3
A000682	19	10	4.0	8	15	40	252	5	2
A000682	19	4	3.0	6	22	12	63	4	1
A000682	19	1	3.0	4	15	3	15	3	0
A000682	20	28	1.0	40	15	28	15	1	18
A000682	20	59	1.6101694915254237	38	22	95	63	3	17
A000682	20	117	1.606837606837607	36	15	188	255	3	16
A000682	20	251	1.5179282868525896	34	22	381	63	4	15
A000682	20	466	1.6909871244635193	32	15	788	255	4	14
A000682	20	905	1.6187845303867403	30	22	1465	63	4	13
A000682	20	1550	1.735483870967742	28	15	2690	252	5	12
A000682	20	2549	1.7744213417026284	26	22	4523	668	5	11
A000682	20	3462	1.9225880993645292	24	15	6656	2780	6	10
A000682	20	4118	2.090820786789704	22	22	8610	972	6	9
A000682	20	3912	2.314928425357873	20	15	9056	4044	7	8
A000682	20	2507	2.9034702832070205	18	22	7279	10700	7	7
A000682	20	895	4.122905027932961	16	15	3690	44492	8	6
A000682	20	286	4.384615384615385	14	22	1254	15564	8	5
A000682	20	90	4.355555555555555	12	15	392	4044	7	4
A000682	20	32	3.90625	10	22	125	972	6	3
A000682	20	10	4.0	8	15	40	252	5	2
A000682	20	4	3.0	6	22	12	63	4	1
A000682	20	1	3.0	4	15	3	15	3	0
A000682	21	30	1.0	42	22	30	63	1	19
A000682	21	62	1.596774193548387	40	15	99	255	3	18
A000682	21	128	1.6015625	38	22	205	63	3	17
A000682	21	267	1.5243445692883895	36	15	407	255	4	16
A000682	21	522	1.6704980842911878	34	22	872	63	4	15
A000682	21	994	1.6237424547283703	32	15	1614	91	4	14
A000682	21	1833	1.696126568466994	30	22	3109	668	5	13
A000682	21	3030	1.7587458745874587	28	15	5329	252	5	12
A000682	21	4699	1.8276228984890401	26	22	8588	972	6	11
A000682	21	5966	2.007039892725444	24	15	11974	2780	6	10
A000682	21	6737	2.1335906189698677	22	22	14374	10700	7	9
A000682	21	5633	2.5011539144328068	20	15	14089	4044	7	8
A000682	21	2886	3.297990297990298	18	22	9518	15564	8	7
A000682	21	895	4.4949720670391065	16	15	4023	44492	8	6
A000682	21	286	4.384615384615385	14	22	1254	15564	8	5
A000682	21	90	4.355555555555555	12	15	392	4044	7	4
A000682	21	32	3.90625	10	22	125	972	6	3
A000682	21	10	4.0	8	15	40	252	5	2
A000682	21	4	3.0	6	22	12	63	4	1
A000682	21	1	3.0	4	15	3	15	3	0
A000682	22	31	1.0	44	15	31	15	1	20
A000682	22	66	1.606060606060606	42	22	106	63	3	19
A000682	22	133	1.6015037593984962	40	15	213	255	3	18
A000682	22	290	1.5103448275862068	38	22	438	63	4	17
A000682	22	554	1.6750902527075813	36	15	928	255	4	16
A000682	22	1111	1.6003600360036003	34	22	1778	63	4	15
A000682	22	2021	1.6952003958436417	32	15	3426	252	5	14
A000682	22	3620	1.7118784530386741	30	22	6197	668	5	13
A000682	22	5705	1.7985977212971078	28	15	10261	2780	6	12
A000682	22	8145	1.9173726212400246	26	22	15617	972	6	11
A000682	22	9856	2.0490056818181817	24	15	20195	4044	7	10
A000682	22	9997	2.2685805741722516	22	22	22679	10700	7	9
A000682	22	7211	2.6917209818333103	20	15	19410	44492	8	8
A000682	22	2949	3.8189216683621567	18	22	11262	15564	8	7
A000682	22	895	4.5653631284916205	16	15	4086	64716	9	6
A000682	22	286	4.384615384615385	14	22	1254	15564	8	5
A000682	22	90	4.355555555555555	12	15	392	4044	7	4
A000682	22	32	3.90625	10	22	125	972	6	3
A000682	22	10	4.0	8	15	40	252	5	2
A000682	22	4	3.0	6	22	12	63	4	1
A000682	22	1	3.0	4	15	3	15	3	0
A000682	23	33	1.0	46	22	33	63	1	21
A000682	23	69	1.5942028985507246	44	15	110	255	3	20
A000682	23	144	1.5972222222222223	42	22	230	63	3	19
A000682	23	306	1.5163398692810457	40	15	464	255	4	18
A000682	23	610	1.659016393442623	38	22	1012	63	4	17
A000682	23	1200	1.6058333333333332	36	15	1927	91	4	16
A000682	23	2304	1.6688368055555556	34	22	3845	668	5	15
A000682	23	4103	1.707287350718986	32	15	7005	252	5	14
A000682	23	7098	1.7403493941955481	30	22	12353	972	6	13
A000682	23	10485	1.8705770147830234	28	15	19613	2780	6	12
A000682	23	14263	1.9526747528570427	26	22	27851	10700	7	11
A000682	23	16312	2.131927415399706	24	15	34776	4044	7	10
A000682	23	15086	2.361063237438685	22	22	35619	15564	8	9
A000682	23	8835	3.0599886813808714	20	15	27035	44492	8	8
A000682	23	2950	4.304745762711865	18	22	12699	171212	9	7
A000682	23	895	4.5664804469273745	16	15	4087	64716	9	6
A000682	23	286	4.384615384615385	14	22	1254	15564	8	5
A000682	23	90	4.355555555555555	12	15	392	4044	7	4
A000682	23	32	3.90625	10	22	125	972	6	3
A000682	23	10	4.0	8	15	40	252	5	2
A000682	23	4	3.0	6	22	12	63	4	1
A000682	23	1	3.0	4	15	3	15	3	0
A000682	24	34	1.0	48	15	34	15	1	22
A000682	24	73	1.6027397260273972	46	22	117	63	3	21
A000682	24	149	1.5973154362416107	44	15	238	255	3	20
A000682	24	329	1.5045592705167172	42	22	495	63	4	19
A000682	24	642	1.6635514018691588	40	15	1068	255	4	18
A000682	24	1317	1.5876993166287017	38	22	2091	63	4	17
A000682	24	2492	1.6701444622792938	36	15	4162	252	5	16
A000682	24	4695	1.6773162939297124	34	22	7875	668	5	15
A000682	24	8132	1.7284800787014265	32	15	14056	2780	6	14
A000682	24	13242	1.8038060715903943	30	22	23886	972	6	13
A000682	24	18700	1.900855614973262	28	15	35546	4044	7	12
A000682	24	23638	2.040274134867586	26	22	48228	10700	7	11
A000682	24	25283	2.189653126606811	24	15	55361	44492	8	10
A000682	24	20167	2.5675608667625327	22	22	51780	15564	8	9
A000682	24	9631	3.4377530889834906	20	15	33109	64716	9	8
A000682	24	2950	4.553220338983051	18	22	13432	171212	9	7
A000682	24	895	4.5664804469273745	16	15	4087	64716	9	6
A000682	24	286	4.384615384615385	14	22	1254	15564	8	5
A000682	24	90	4.355555555555555	12	15	392	4044	7	4
A000682	24	32	3.90625	10	22	125	972	6	3
A000682	24	10	4.0	8	15	40	252	5	2
A000682	24	4	3.0	6	22	12	63	4	1
A000682	24	1	3.0	4	15	3	15	3	0
A000682	25	36	1.0	50	22	36	63	1	23
A000682	25	76	1.5921052631578947	48	15	121	255	3	22
A000682	25	160	1.59375	46	22	255	63	3	21
A000682	25	345	1.510144927536232	44	15	521	255	4	20
A000682	25	698	1.6504297994269341	42	22	1152	63	4	19
A000682	25	1406	1.593172119487909	40	15	2240	91	4	18
A000682	25	2775	1.6508108108108108	38	22	4581	668	5	17
A000682	25	5178	1.6769022788721515	36	15	8683	252	5	16
A000682	25	9555	1.6931449502878075	34	22	16178	972	6	15
A000682	25	15768	1.7818366311516995	32	15	28096	2780	6	14
A000682	25	24625	1.8296852791878173	30	22	45056	10700	7	13
A000682	25	32983	1.9718946123760726	28	15	65039	4044	7	12
A000682	25	40065	2.0664669911393987	26	22	82793	15564	8	11
A000682	25	39122	2.306604979295537	24	15	90239	44492	8	10
A000682	25	26527	2.794812832208693	22	22	74138	171212	9	9
A000682	25	9823	4.062302758831314	20	15	39904	64716	9	8
A000682	25	2950	4.617966101694916	18	22	13623	249036	10	7
A000682	25	895	4.5664804469273745	16	15	4087	64716	9	6
A000682	25	286	4.384615384615385	14	22	1254	15564	8	5
A000682	25	90	4.355555555555555	12	15	392	4044	7	4
A000682	25	32	3.90625	10	22	125	972	6	3
A000682	25	10	4.0	8	15	40	252	5	2
A000682	25	4	3.0	6	22	12	63	4	1
A000682	25	1	3.0	4	15	3	15	3	0
A000682	26	37	1.0	52	15	37	15	1	24
A000682	26	80	1.6	50	22	128	63	3	23
A000682	26	165	1.593939393939394	48	15	263	255	3	22
A000682	26	368	1.5	46	22	552	63	4	21
A000682	26	730	1.6547945205479453	44	15	1208	255	4	20
A000682	26	1523	1.5784635587655942	42	22	2404	63	4	19
A000682	26	2963	1.6530543368207897	40	15	4898	252	5	18
A000682	26	5770	1.655632582322357	38	22	9553	668	5	17
A000682	26	10591	1.6885091115097723	36	15	17883	2780	6	16
A000682	26	18735	1.7391513210568454	34	22	32583	972	6	15
A000682	26	29850	1.799966499162479	32	15	53729	4044	7	14
A000682	26	43601	1.9063553588220454	30	22	83119	10700	7	13
A000682	26	56314	1.9995915758070817	28	15	112605	44492	8	12
A000682	26	63216	2.1564793723108076	26	22	136324	15564	8	11
A000682	26	55180	2.4310619789778904	24	15	134146	64716	9	10
A000682	26	30509	3.159756137533187	22	22	96401	171212	9	9
A000682	26	9823	4.412501272523669	20	15	43344	711884	10	8
A000682	26	2950	4.617966101694916	18	22	13623	249036	10	7
A000682	26	895	4.5664804469273745	16	15	4087	64716	9	6
A000682	26	286	4.384615384615385	14	22	1254	15564	8	5
A000682	26	90	4.355555555555555	12	15	392	4044	7	4
A000682	26	32	3.90625	10	22	125	972	6	3
A000682	26	10	4.0	8	15	40	252	5	2
A000682	26	4	3.0	6	22	12	63	4	1
A000682	26	1	3.0	4	15	3	15	3	0
A000682	27	39	1.0	54	22	39	63	1	25
A000682	27	83	1.5903614457831325	52	15	132	255	3	24
A000682	27	176	1.5909090909090908	50	22	280	63	3	23
A000682	27	384	1.5052083333333333	48	15	578	255	4	22
A000682	27	786	1.643765903307888	46	22	1292	63	4	21
A000682	27	1612	1.5837468982630274	44	15	2553	91	4	20
A000682	27	3246	1.6380160197165743	42	22	5317	668	5	19
A000682	27	6253	1.656964656964657	40	15	10361	252	5	18
A000682	27	12016	1.6650299600532623	38	22	20007	972	6	17
A000682	27	21293	1.7295355281078288	36	15	36827	2780	6	16
A000682	27	36691	1.7501567141805892	34	22	64215	10700	7	15
A000682	27	55382	1.8636018923115814	32	15	103210	4044	7	14
A000682	27	78026	1.9297541845026016	30	22	150571	15564	8	13
A000682	27	96450	2.0562571280456194	28	15	198326	44492	8	12
A000682	27	100970	2.2208378726354363	26	22	224238	171212	9	11
A000682	27	76211	2.637296453267901	24	15	200991	64716	9	10
A000682	27	33280	3.644230769230769	22	22	121280	249036	10	9
A000682	27	9823	4.675251959686451	20	15	45925	711884	10	8
A000682	27	2950	4.617966101694916	18	22	13623	249036	10	7
A000682	27	895	4.5664804469273745	16	15	4087	64716	9	6
A000682	27	286	4.384615384615385	14	22	1254	15564	8	5
A000682	27	90	4.355555555555555	12	15	392	4044	7	4
A000682	27	32	3.90625	10	22	125	972	6	3
A000682	27	10	4.0	8	15	40	252	5	2
A000682	27	4	3.0	6	22	12	63	4	1
A000682	27	1	3.0	4	15	3	15	3	0
A000682	28	40	1.0	56	15	40	15	1	26
A000682	28	87	1.5977011494252873	54	22	139	63	3	25
A000682	28	181	1.591160220994475	52	15	288	255	3	24
A000682	28	407	1.4963144963144963	50	22	609	63	4	23
A000682	28	818	1.647921760391198	48	15	1348	255	4	22
A000682	28	1729	1.5714285714285714	46	22	2717	63	4	21
A000682	28	3434	1.64065230052417	44	15	5634	252	5	20
A000682	28	6845	1.6407596785975165	42	22	11231	668	5	19
A000682	28	13052	1.663499846766779	40	15	21712	2780	6	18
A000682	28	24294	1.7019840289783486	38	22	41348	972	6	17
A000682	28	42160	1.7353889943074003	36	15	73164	4044	7	16
A000682	28	68828	1.8095251932353111	34	22	124546	10700	7	15
A000682	28	100347	1.8868426559837363	32	15	189339	44492	8	14
A000682	28	133964	1.9892583082022035	30	22	266489	15564	8	13
A000682	28	156729	2.1027633686171674	28	15	329564	64716	9	12
A000682	28	147507	2.3462479746723885	26	22	346088	171212	9	11
A000682	28	93600	2.9003632478632477	24	15	271474	711884	10	10
A000682	28	33535	4.147577158192933	22	22	139089	249036	10	9
A000682	28	9823	4.7012114425328315	20	15	46180	1035468	11	8
A000682	28	2950	4.617966101694916	18	22	13623	249036	10	7
A000682	28	895	4.5664804469273745	16	15	4087	64716	9	6
A000682	28	286	4.384615384615385	14	22	1254	15564	8	5
A000682	28	90	4.355555555555555	12	15	392	4044	7	4
A000682	28	32	3.90625	10	22	125	972	6	3
A000682	28	10	4.0	8	15	40	252	5	2
A000682	28	4	3.0	6	22	12	63	4	1
A000682	28	1	3.0	4	15	3	15	3	0
A000682	29	42	1.0	58	22	42	63	1	27
A000682	29	90	1.5888888888888888	56	15	143	255	3	26
A000682	29	192	1.5885416666666667	54	22	305	63	3	25
A000682	29	423	1.5011820330969268	52	15	635	255	4	24
A000682	29	874	1.6384439359267735	50	22	1432	63	4	23
A000682	29	1818	1.5764576457645765	48	15	2866	91	4	22
A000682	29	3717	1.6284638149044928	46	22	6053	668	5	21
A000682	29	7328	1.6428766375545851	44	15	12039	252	5	20
A000682	29	14477	1.6464737169303032	42	22	23836	972	6	19
A000682	29	26854	1.6978476204662247	40	15	45594	2780	6	18
A000682	29	49273	1.7032857751709862	38	22	83926	10700	7	17
A000682	29	81797	1.785798990183014	36	15	146073	4044	7	16
A000682	29	128861	1.8324628863659291	34	22	236133	15564	8	15
A000682	29	180908	1.9350001105534305	32	15	350057	44492	8	14
A000682	29	233250	2.014357984994641	30	22	469849	171212	9	13
A000682	29	255602	2.1745135014593	28	15	555810	64716	9	12
A000682	29	213561	2.491325663393597	26	22	532050	249036	10	11
A000682	29	109141	3.3066766842891306	24	15	360894	711884	10	10
A000682	29	33536	4.551139074427481	22	22	152627	2739404	11	9
A000682	29	9823	4.701313244426347	20	15	46181	1035468	11	8
A000682	29	2950	4.617966101694916	18	22	13623	249036	10	7
A000682	29	895	4.5664804469273745	16	15	4087	64716	9	6
A000682	29	286	4.384615384615385	14	22	1254	15564	8	5
A000682	29	90	4.355555555555555	12	15	392	4044	7	4
A000682	29	32	3.90625	10	22	125	972	6	3
A000682	29	10	4.0	8	15	40	252	5	2
A000682	29	4	3.0	6	22	12	63	4	1
A000682	29	1	3.0	4	15	3	15	3	0
A000682	30	94	1.5957446808510638	58	22	150	63	3	27
A000682	30	197	1.5888324873096447	56	15	313	255	3	26
A000682	30	446	1.493273542600897	54	22	666	63	4	25
A000682	30	906	1.6423841059602649	52	15	1488	255	4	24
A000682	30	1935	1.565891472868217	50	22	3030	63	4	23
A000682	30	3905	1.6312419974391805	48	15	6370	252	5	22
A000682	30	7920	1.6299242424242424	46	22	12909	668	5	21
A000682	30	15513	1.646425578547025	44	15	25541	2780	6	20
A000682	30	29857	1.6785678400375121	42	22	50117	972	6	19
A000682	30	54778	1.696173646354376	40	15	92913	4044	7	18
A000682	30	96609	1.7476943141943297	38	22	168843	10700	7	17
A000682	30	155380	1.804279830093963	36	15	280349	44492	8	16
A000682	30	232988	1.8859082871220836	34	22	439394	15564	8	15
A000682	30	316779	1.961490502842676	32	15	621359	64716	9	14
A000682	30	385448	2.0716490940412196	30	22	798513	171212	9	13
A000682	30	387059	2.265174043233719	28	15	876756	711884	10	12
A000682	30	277197	2.7093475037608634	26	22	751023	249036	10	11
A000682	30	115139	3.758153188754462	24	15	432710	1035468	11	10
A000682	30	33536	4.722387881679389	22	22	158370	2739404	11	9
A000682	30	9823	4.701313244426347	20	15	46181	1035468	11	8
A000682	30	2950	4.617966101694916	18	22	13623	249036	10	7
A000682	30	895	4.5664804469273745	16	15	4087	64716	9	6
A000682	30	286	4.384615384615385	14	22	1254	15564	8	5
A000682	30	90	4.355555555555555	12	15	392	4044	7	4
A000682	30	32	3.90625	10	22	125	972	6	3
A000682	30	10	4.0	8	15	40	252	5	2
A000682	30	4	3.0	6	22	12	63	4	1
A000682	30	1	3.0	4	15	3	15	3	0
A000682	31	208	1.5865384615384615	58	22	330	1023	3	27
A000682	31	462	1.4978354978354977	56	15	692	255	4	26
A000682	31	962	1.634095634095634	54	22	1572	63	4	25
A000682	31	2024	1.5706521739130435	52	15	3179	91	4	24
A000682	31	4188	1.6210601719197708	50	22	6789	668	5	23
A000682	31	8403	1.632393192907295	48	15	13717	252	5	22
A000682	31	16938	1.6333097177943086	46	22	27665	972	6	21
A000682	31	32417	1.6769904679643397	44	15	54363	2780	6	20
A000682	31	61929	1.6747081335077265	42	22	103713	10700	7	19
A000682	31	109888	1.7355489225393128	40	15	190716	4044	7	18
A000682	31	188764	1.7617925028077388	38	22	332563	15564	8	17
A000682	31	291640	1.8493759429433547	36	15	539352	44492	8	16
A000682	31	424058	1.9086870192285017	34	22	809394	171212	9	15
A000682	31	557714	1.9970988714645859	32	15	1113810	64716	9	14
A000682	31	641766	2.123158596747101	30	22	1362571	249036	10	13
A000682	31	582147	2.384877015599153	28	15	1388349	711884	10	12
A000682	31	345577	3.017428821941275	26	22	1042754	2739404	11	11
A000682	31	115907	4.316995522272166	24	15	500370	1035468	11	10
A000682	31	33536	4.745258826335878	22	22	159137	3984588	12	9
A000682	31	9823	4.701313244426347	20	15	46181	1035468	11	8
A000682	31	2950	4.617966101694916	18	22	13623	249036	10	7
A000682	31	895	4.5664804469273745	16	15	4087	64716	9	6
A000682	31	286	4.384615384615385	14	22	1254	15564	8	5
A000682	31	90	4.355555555555555	12	15	392	4044	7	4
A000682	31	32	3.90625	10	22	125	972	6	3
A000682	31	10	4.0	8	15	40	252	5	2
A000682	31	4	3.0	6	22	12	63	4	1
A000682	31	1	3.0	4	15	3	15	3	0
A000682	32	485	1.4907216494845361	58	22	723	1023	4	27
A000682	32	994	1.6378269617706238	56	15	1628	255	4	26
A000682	32	2141	1.5614198972442783	54	22	3343	63	4	25
A000682	32	4376	1.6238574040219378	52	15	7106	252	5	24
A000682	32	8995	1.6216787103946637	50	22	14587	668	5	23
A000682	32	17974	1.6340269277845778	48	15	29370	2780	6	22
A000682	32	35420	1.662507058159232	46	22	58886	972	6	21
A000682	32	67436	1.6712438460169643	44	15	112702	4044	7	20
A000682	32	125042	1.7100814126453512	42	22	213832	10700	7	19
A000682	32	216991	1.7456991303786793	40	15	378801	44492	8	18
A000682	32	357068	1.8061013588448138	38	22	644901	15564	8	17
A000682	32	535485	1.873340989943696	36	15	1003146	64716	9	16
A000682	32	748586	1.9463374949571592	34	22	1457001	171212	9	15
A000682	32	939680	2.038054444066065	32	15	1915119	711884	10	14
A000682	32	1000525	2.201606156767697	30	22	2202762	249036	10	13
A000682	32	793970	2.5579895965842536	28	15	2030967	1035468	11	12
A000682	32	385680	3.4030310101638666	26	22	1312481	2739404	11	11
A000682	32	115907	4.62005745986006	24	15	535497	11390156	12	10
A000682	32	33536	4.745258826335878	22	22	159137	3984588	12	9
A000682	32	9823	4.701313244426347	20	15	46181	1035468	11	8
A000682	32	2950	4.617966101694916	18	22	13623	249036	10	7
A000682	32	895	4.5664804469273745	16	15	4087	64716	9	6
A000682	32	286	4.384615384615385	14	22	1254	15564	8	5
A000682	32	90	4.355555555555555	12	15	392	4044	7	4
A000682	32	32	3.90625	10	22	125	972	6	3
A000682	32	10	4.0	8	15	40	252	5	2
A000682	32	4	3.0	6	22	12	63	4	1
A000682	32	1	3.0	4	15	3	15	3	0
A000682	33	1050	1.6304761904761904	58	22	1712	16383	4	27
A000682	33	2230	1.5659192825112107	56	15	3492	91	4	26
A000682	33	4659	1.6151534664091007	54	22	7525	668	5	25
A000682	33	9478	1.624287824435535	52	15	15395	252	5	24
A000682	33	19399	1.6234857466879735	50	22	31494	972	6	23
A000682	33	37980	1.6622432859399685	48	15	63132	2780	6	22
A000682	33	74589	1.6557937497486224	46	22	123504	10700	7	21
A000682	33	138361	1.7038544098409234	44	15	235747	4044	7	20
A000682	33	252319	1.7162203401250005	42	22	433035	15564	8	19
A000682	33	422538	1.783165064443908	40	15	753455	44492	8	18
A000682	33	673266	1.8310014169733806	38	22	1232751	171212	9	17
A000682	33	983050	1.9032989166369971	36	15	1871038	64716	9	16
A000682	33	1332136	1.9717648948755984	34	22	2626659	249036	10	15
A000682	33	1593398	2.083242228244293	32	15	3319434	711884	10	14
A000682	33	1552529	2.2998926268043944	30	22	3570650	2739404	11	13
A000682	33	1051296	2.7902255882263414	28	15	2933353	1035468	11	12
A000682	33	405394	3.943435275312412	26	22	1598645	3984588	12	11
A000682	33	115907	4.783533350013373	24	15	554445	11390156	12	10
A000682	33	33536	4.745258826335878	22	22	159137	3984588	12	9
A000682	33	9823	4.701313244426347	20	15	46181	1035468	11	8
A000682	33	2950	4.617966101694916	18	22	13623	249036	10	7
A000682	33	895	4.5664804469273745	16	15	4087	64716	9	6
A000682	33	286	4.384615384615385	14	22	1254	15564	8	5
A000682	33	90	4.355555555555555	12	15	392	4044	7	4
A000682	33	32	3.90625	10	22	125	972	6	3
A000682	33	10	4.0	8	15	40	252	5	2
A000682	33	4	3.0	6	22	12	63	4	1
A000682	33	1	3.0	4	15	3	15	3	0
A000682	34	2347	1.5577332765232212	58	22	3656	16383	4	27
A000682	34	4847	1.617907984320198	56	15	7842	252	5	26
A000682	34	10070	1.61519364448858	54	22	16265	668	5	25
A000682	34	20435	1.6246146317592367	52	15	33199	2780	6	24
A000682	34	40983	1.6508064319351927	50	22	67655	972	6	23
A000682	34	80096	1.6541774870155812	48	15	132493	4044	7	22
A000682	34	153557	1.686051433669582	46	22	258905	10700	7	21
A000682	34	280930	1.7075321254405011	44	15	479697	44492	8	20
A000682	34	495840	1.7496934494998386	42	22	867568	15564	8	19
A000682	34	805983	1.805495897556152	40	15	1455199	64716	9	18
A000682	34	1238978	1.8655125434027078	38	22	2311329	171212	9	17
A000682	34	1757432	1.92945786807114	36	15	3390891	711884	10	16
A000682	34	2279954	2.008962022918006	34	22	4580341	249036	10	15
A000682	34	2546032	2.151194093397098	32	15	5477009	1035468	11	14
A000682	34	2213989	2.433314709332341	30	22	5387332	2739404	11	13
A000682	34	1243553	3.1135118487109112	28	15	3871817	11390156	12	12
A000682	34	406417	4.387491172859403	26	22	1783151	3984588	12	11
A000682	34	115907	4.792359391581181	24	15	555468	16567500	13	10
A000682	34	33536	4.745258826335878	22	22	159137	3984588	12	9
A000682	34	9823	4.701313244426347	20	15	46181	1035468	11	8
A000682	34	2950	4.617966101694916	18	22	13623	249036	10	7
A000682	34	895	4.5664804469273745	16	15	4087	64716	9	6
A000682	34	286	4.384615384615385	14	22	1254	15564	8	5
A000682	34	90	4.355555555555555	12	15	392	4044	7	4
A000682	34	32	3.90625	10	22	125	972	6	3
A000682	34	10	4.0	8	15	40	252	5	2
A000682	34	4	3.0	6	22	12	63	4	1
A000682	34	1	3.0	4	15	3	15	3	0
A000682	35	5130	1.6103313840155946	58	22	8261	175069	5	27
A000682	35	10553	1.6178337913389558	56	15	17073	252	5	26
A000682	35	21860	1.6158737419945106	54	22	35323	972	6	25
A000682	35	43543	1.6512642675056841	52	15	71901	2780	6	24
A000682	35	87249	1.6423683939070934	50	22	143295	10700	7	23
A000682	35	166878	1.6827982118673521	48	15	280822	4044	7	22
A000682	35	316678	1.6873764517901464	46	22	534355	15564	8	21
A000682	35	563674	1.736595975688075	44	15	978874	44492	8	20
A000682	35	968216	1.769505978004908	42	22	1713264	171212	9	19
A000682	35	1528776	1.835020957942825	40	15	2805336	64716	9	18
A000682	35	2287668	1.8882001234444858	38	22	4319575	249036	10	17
A000682	35	3162486	1.952045953721218	36	15	6173318	711884	10	16
A000682	35	3921211	2.0505632061115815	34	22	8040691	2739404	11	15
A000682	35	4066968	2.225970796917999	32	15	9052952	1035468	11	14
A000682	35	3077718	2.6235782485594847	30	22	8074634	3984588	12	13
A000682	35	1393068	3.5518567650681803	28	15	4947978	11390156	12	12
A000682	35	406418	4.714417176404589	26	22	1916024	43830476	13	11
A000682	35	115907	4.792368019187797	24	15	555469	16567500	13	10
A000682	35	33536	4.745258826335878	22	22	159137	3984588	12	9
A000682	35	9823	4.701313244426347	20	15	46181	1035468	11	8
A000682	35	2950	4.617966101694916	18	22	13623	249036	10	7
A000682	35	895	4.5664804469273745	16	15	4087	64716	9	6
A000682	35	286	4.384615384615385	14	22	1254	15564	8	5
A000682	35	90	4.355555555555555	12	15	392	4044	7	4
A000682	35	32	3.90625	10	22	125	972	6	3
A000682	35	10	4.0	8	15	40	252	5	2
A000682	35	4	3.0	6	22	12	63	4	1
A000682	35	1	3.0	4	15	3	15	3	0
A000682	36	11145	1.6099596231493944	58	22	17943	175069	5	27
A000682	36	22896	1.61722571628232	56	15	37028	2780	6	26
A000682	36	46546	1.6419026339535083	54	22	76424	972	6	25
A000682	36	92756	1.6417698046487559	52	15	152284	4044	7	24
A000682	36	182076	1.669533601353281	50	22	303982	10700	7	23
A000682	36	345333	1.682616489012055	48	15	581063	44492	8	22
A000682	36	639642	1.7130472983325047	46	22	1095737	15564	8	21
A000682	36	1111477	1.7532508544936152	44	15	1948698	64716	9	20
A000682	36	1846568	1.8003891543663704	42	22	3324541	171212	9	19
A000682	36	2841020	1.8589819853432923	40	15	5281405	711884	10	18
A000682	36	4127242	1.912325228324387	38	22	7892629	249036	10	17
A000682	36	5485678	1.9870061640511893	36	15	10900076	1035468	11	16
A000682	36	6413539	2.1029617189511125	34	22	13487427	2739404	11	15
A000682	36	6009119	2.342566356232919	32	15	14076760	11390156	12	14
A000682	36	3865629	2.8685887859388473	30	22	11088900	3984588	12	13
A000682	36	1436365	4.036256104820153	28	15	5797537	16567500	13	12
A000682	36	406418	4.818433238685294	26	22	1958298	43830476	13	11
A000682	36	115907	4.792368019187797	24	15	555469	16567500	13	10
A000682	36	33536	4.745258826335878	22	22	159137	3984588	12	9
A000682	36	9823	4.701313244426347	20	15	46181	1035468	11	8
A000682	36	2950	4.617966101694916	18	22	13623	249036	10	7
A000682	36	895	4.5664804469273745	16	15	4087	64716	9	6
A000682	36	286	4.384615384615385	14	22	1254	15564	8	5
A000682	36	90	4.355555555555555	12	15	392	4044	7	4
A000682	36	32	3.90625	10	22	125	972	6	3
A000682	36	10	4.0	8	15	40	252	5	2
A000682	36	4	3.0	6	22	12	63	4	1
A000682	36	1	3.0	4	15	3	15	3	0
A000682	37	24321	1.6098022285267874	58	22	39152	2795997	6	27
A000682	37	49106	1.6427727772573617	56	15	80670	2780	6	26
A000682	37	99909	1.6323454343452541	54	22	163086	10700	7	25
A000682	37	195397	1.667881287839629	52	15	325899	4044	7	24
A000682	37	381127	1.6681237487766545	50	22	635767	15564	8	23
A000682	37	707942	1.7057230677089366	48	15	1207553	44492	8	22
A000682	37	1285814	1.7263095595474929	46	22	2219713	171212	9	21
A000682	37	2173000	1.7793170731707317	44	15	3866456	64716	9	20
A000682	37	3508524	1.8254186090789175	42	22	6404525	249036	10	19
A000682	37	5292602	1.8777297064846366	40	15	9938076	711884	10	18
A000682	37	7482062	1.935772117365507	38	22	14483567	2739404	11	17
A000682	37	9580429	2.0176596476003317	36	15	19330045	1035468	11	16
A000682	37	10469002	2.1723383948154753	34	22	22742215	3984588	12	15
A000682	37	8741927	2.4827434500425363	32	15	21703962	11390156	12	14
A000682	37	4608679	3.2332063048869317	30	22	14900810	43830476	13	13
A000682	37	1439437	4.512567760867617	28	15	6495557	16567500	13	12
A000682	37	406418	4.825989498496622	26	22	1961369	63753420	14	11
A000682	37	115907	4.792368019187797	24	15	555469	16567500	13	10
A000682	37	33536	4.745258826335878	22	22	159137	3984588	12	9
A000682	37	9823	4.701313244426347	20	15	46181	1035468	11	8
A000682	37	2950	4.617966101694916	18	22	13623	249036	10	7
A000682	37	895	4.5664804469273745	16	15	4087	64716	9	6
A000682	37	286	4.384615384615385	14	22	1254	15564	8	5
A000682	37	90	4.355555555555555	12	15	392	4044	7	4
A000682	37	32	3.90625	10	22	125	972	6	3
A000682	37	10	4.0	8	15	40	252	5	2
A000682	37	4	3.0	6	22	12	63	4	1
A000682	37	1	3.0	4	15	3	15	3	0
A000682	38	52109	1.634899921318774	58	22	85193	2795997	6	27
A000682	38	105416	1.6323423389238825	56	15	172075	4044	7	26
A000682	38	210595	1.6574894940525653	54	22	349059	10700	7	25
A000682	38	409784	1.66545545946157	52	15	682477	44492	8	24
A000682	38	784416	1.6890603965242932	50	22	1324926	15564	8	23
A000682	38	1432247	1.7167353117164847	48	15	2458789	64716	9	22
A000682	38	2532936	1.7502483284220367	46	22	4433267	171212	9	21
A000682	38	4166576	1.802945392091732	44	15	7512109	711884	10	20
A000682	38	6549908	1.8478621379109448	42	22	12103327	249036	10	19
A000682	38	9630981	1.9014762878257159	40	15	18313082	1035468	11	18
A000682	38	13156464	1.961773619416281	38	22	25810004	2739404	11	17
A000682	38	15951059	2.0691237490877565	36	15	33004715	11390156	12	16
A000682	38	16003046	2.2599833806639062	34	22	36166618	3984588	12	15
A000682	38	11543299	2.689990617067097	32	15	31051366	16567500	13	14
A000682	38	5005157	3.644242528256356	30	22	18240006	43830476	13	13
A000682	38	1439437	4.760772440891821	28	15	6852832	182242508	14	12
A000682	38	406418	4.825989498496622	26	22	1961369	63753420	14	11
A000682	38	115907	4.792368019187797	24	15	555469	16567500	13	10
A000682	38	33536	4.745258826335878	22	22	159137	3984588	12	9
A000682	38	9823	4.701313244426347	20	15	46181	1035468	11	8
A000682	38	2950	4.617966101694916	18	22	13623	249036	10	7
A000682	38	895	4.5664804469273745	16	15	4087	64716	9	6
A000682	38	286	4.384615384615385	14	22	1254	15564	8	5
A000682	38	90	4.355555555555555	12	15	392	4044	7	4
A000682	38	32	3.90625	10	22	125	972	6	3
A000682	38	10	4.0	8	15	40	252	5	2
A000682	38	4	3.0	6	22	12	63	4	1
A000682	38	1	3.0	4	15	3	15	3	0
