oeisID	n	distinct	distinct average appearances	maximum bit length	minimum	less-than-maximum total	most common	most common appearances	bridges
A005316	3	3	1	6	22	3	63	1	1
A005316	3	1	2	4	15	2	15	2	0
A005316	4	2	1	7	15	2	91	1	2
A005316	4	4	1	6	22	4	63	1	1
A005316	4	1	3	4	15	3	15	3	0
A005316	5	3	1	6	22	3	63	1	3
A005316	5	6	1	8	15	7	15	2	2
A005316	5	4	2	6	22	9	63	3	1
A005316	5	1	3	4	15	3	15	3	0
A005316	6	2	1	7	15	2	91	1	4
A005316	6	6	1	9	22	6	63	1	3
A005316	6	8	1	8	15	13	91	3	2
A005316	6	4	2	6	22	10	63	3	1
A005316	6	1	3	4	15	3	15	3	0
A005316	7	3	1	6	22	3	63	1	5
A005316	7	6	1	8	15	7	15	2	4
A005316	7	15	1	10	22	20	63	3	3
A005316	7	10	2	8	15	23	91	3	2
A005316	7	4	3	6	22	12	63	4	1
A005316	7	1	3	4	15	3	15	3	0
A005316	8	2	1	7	15	2	91	1	6
A005316	8	6	1	9	22	6	63	1	5
A005316	8	11	1	11	15	16	91	3	4
A005316	8	21	1	10	22	31	63	3	3
A005316	8	10	3	8	15	30	91	4	2
A005316	8	4	3	6	22	12	63	4	1
A005316	8	1	3	4	15	3	15	3	0
A005316	9	3	1	6	22	3	63	1	7
A005316	9	6	1	8	15	7	15	2	6
A005316	9	15	1	10	22	20	63	3	5
A005316	9	29	1	12	15	42	91	3	4
A005316	9	28	2	10	22	61	63	4	3
A005316	9	10	3	8	15	36	91	4	2
A005316	9	4	3	6	22	12	63	4	1
A005316	9	1	3	4	15	3	15	3	0
A005316	10	2	1	7	15	2	91	1	8
A005316	10	6	1	9	22	6	63	1	7
A005316	10	11	1	11	15	16	91	3	6
A005316	10	27	1	13	22	37	63	3	5
A005316	10	42	1	12	15	71	91	4	4
A005316	10	30	2	10	22	77	63	4	3
A005316	10	10	3	8	15	38	91	4	2
A005316	10	4	3	6	22	12	63	4	1
A005316	10	1	3	4	15	3	15	3	0
A005316	11	3	1	6	22	3	63	1	9
A005316	11	6	1	8	15	7	15	2	8
A005316	11	15	1	10	22	20	63	3	7
A005316	11	29	1	12	15	42	91	3	6
A005316	11	67	1	14	22	100	63	4	5
A005316	11	65	2	12	15	138	91	4	4
A005316	11	32	3	10	22	104	668	5	3
A005316	11	10	4	8	15	40	252	5	2
A005316	11	4	3	6	22	12	63	4	1
A005316	11	1	3	4	15	3	15	3	0
A005316	12	2	1	7	15	2	91	1	10
A005316	12	6	1	9	22	6	63	1	9
A005316	12	11	1	11	15	16	91	3	8
A005316	12	27	1	13	22	37	63	3	7
A005316	12	52	1	15	15	81	91	4	6
A005316	12	99	1	14	22	160	63	4	5
A005316	12	75	2	12	15	188	2701	5	4
A005316	12	32	3	10	22	112	668	5	3
A005316	12	10	4	8	15	40	252	5	2
A005316	12	4	3	6	22	12	63	4	1
A005316	12	1	3	4	15	3	15	3	0
A005316	13	3	1	6	22	3	63	1	11
A005316	13	6	1	8	15	7	15	2	10
A005316	13	15	1	10	22	20	63	3	9
A005316	13	29	1	12	15	42	91	3	8
A005316	13	67	1	14	22	100	63	4	7
A005316	13	134	1	16	15	207	91	4	6
A005316	13	160	2	14	22	329	668	5	5
A005316	13	90	3	12	15	271	252	5	4
A005316	13	32	3	10	22	125	972	6	3
A005316	13	10	4	8	15	40	252	5	2
A005316	13	4	3	6	22	12	63	4	1
A005316	13	1	3	4	15	3	15	3	0
A005316	14	2	1	7	15	2	91	1	12
A005316	14	6	1	9	22	6	63	1	11
A005316	14	11	1	11	15	16	91	3	10
A005316	14	27	1	13	22	37	63	3	9
A005316	14	52	1	15	15	81	91	4	8
A005316	14	119	1	17	22	180	63	4	7
A005316	14	204	1	16	15	347	2701	5	6
A005316	14	196	2	14	22	451	668	5	5
A005316	14	90	3	12	15	306	252	5	4
A005316	14	32	3	10	22	125	972	6	3
A005316	14	10	4	8	15	40	252	5	2
A005316	14	4	3	6	22	12	63	4	1
A005316	14	1	3	4	15	3	15	3	0
A005316	15	3	1	6	22	3	63	1	13
A005316	15	6	1	8	15	7	15	2	12
A005316	15	15	1	10	22	20	63	3	11
A005316	15	29	1	12	15	42	91	3	10
A005316	15	67	1	14	22	100	63	4	9
A005316	15	134	1	16	15	207	91	4	8
A005316	15	299	1	18	22	468	668	5	7
A005316	15	363	1	16	15	723	252	5	6
A005316	15	261	2	14	22	708	972	6	5
A005316	15	90	4	12	15	367	2780	6	4
A005316	15	32	3	10	22	125	972	6	3
A005316	15	10	4	8	15	40	252	5	2
A005316	15	4	3	6	22	12	63	4	1
A005316	15	1	3	4	15	3	15	3	0
A005316	16	2	1	7	15	2	91	1	14
A005316	16	6	1	9	22	6	63	1	13
A005316	16	11	1	11	15	16	91	3	12
A005316	16	27	1	13	22	37	63	3	11
A005316	16	52	1	15	15	81	91	4	10
A005316	16	119	1	17	22	180	63	4	9
A005316	16	239	1	19	15	382	2701	5	8
A005316	16	461	1	18	22	766	668	5	7
A005316	16	472	2	16	15	1042	43149	6	6
A005316	16	271	3	14	22	834	972	6	5
A005316	16	90	4	12	15	377	2780	6	4
A005316	16	32	3	10	22	125	972	6	3
A005316	16	10	4	8	15	40	252	5	2
A005316	16	4	3	6	22	12	63	4	1
A005316	16	1	3	4	15	3	15	3	0
A005316	17	3	1	6	22	3	63	1	15
A005316	17	6	1	8	15	7	15	2	14
A005316	17	15	1	10	22	20	63	3	13
A005316	17	29	1	12	15	42	91	3	12
A005316	17	67	1	14	22	100	63	4	11
A005316	17	134	1	16	15	207	91	4	10
A005316	17	299	1	18	22	468	668	5	9
A005316	17	614	1	20	15	974	252	5	8
A005316	17	845	1	18	22	1653	972	6	7
A005316	17	699	2	16	15	1739	2780	6	6
A005316	17	286	3	14	22	1083	10700	7	5
A005316	17	90	4	12	15	392	4044	7	4
A005316	17	32	3	10	22	125	972	6	3
A005316	17	10	4	8	15	40	252	5	2
A005316	17	4	3	6	22	12	63	4	1
A005316	17	1	3	4	15	3	15	3	0
A005316	18	2	1	7	15	2	91	1	16
A005316	18	6	1	9	22	6	63	1	15
A005316	18	11	1	11	15	16	91	3	14
A005316	18	27	1	13	22	37	63	3	13
A005316	18	52	1	15	15	81	91	4	12
A005316	18	119	1	17	22	180	63	4	11
A005316	18	239	1	19	15	382	2701	5	10
A005316	18	531	1	21	22	836	668	5	9
A005316	18	968	1	20	15	1643	43149	6	8
A005316	18	1144	2	18	22	2409	972	6	7
A005316	18	769	2	16	15	2148	2780	6	6
A005316	18	286	3	14	22	1143	10700	7	5
A005316	18	90	4	12	15	392	4044	7	4
A005316	18	32	3	10	22	125	972	6	3
A005316	18	10	4	8	15	40	252	5	2
A005316	18	4	3	6	22	12	63	4	1
A005316	18	1	3	4	15	3	15	3	0
A005316	19	3	1	6	22	3	63	1	17
A005316	19	6	1	8	15	7	15	2	16
A005316	19	15	1	10	22	20	63	3	15
A005316	19	29	1	12	15	42	91	3	14
A005316	19	67	1	14	22	100	63	4	13
A005316	19	134	1	16	15	207	91	4	12
A005316	19	299	1	18	22	468	668	5	11
A005316	19	614	1	20	15	974	252	5	10
A005316	19	1348	1	22	22	2156	972	6	9
A005316	19	1890	1	20	15	3599	2780	6	8
A005316	19	1830	2	18	22	4267	10700	7	7
A005316	19	895	3	16	15	3023	4044	7	6
A005316	19	286	4	14	22	1254	15564	8	5
A005316	19	90	4	12	15	392	4044	7	4
A005316	19	32	3	10	22	125	972	6	3
A005316	19	10	4	8	15	40	252	5	2
A005316	19	4	3	6	22	12	63	4	1
A005316	19	1	3	4	15	3	15	3	0
A005316	20	2	1	7	15	2	91	1	18
A005316	20	6	1	9	22	6	63	1	17
A005316	20	11	1	11	15	16	91	3	16
A005316	20	27	1	13	22	37	63	3	15
A005316	20	52	1	15	15	81	91	4	14
A005316	20	119	1	17	22	180	63	4	13
A005316	20	239	1	19	15	382	2701	5	12
A005316	20	531	1	21	22	836	668	5	11
A005316	20	1094	1	23	15	1769	43149	6	10
A005316	20	2145	1	22	22	3592	972	6	9
A005316	20	2664	2	20	15	5428	690317	7	8
A005316	20	2135	2	18	22	5494	10700	7	7
A005316	20	895	3	16	15	3311	4044	7	6
A005316	20	286	4	14	22	1254	15564	8	5
A005316	20	90	4	12	15	392	4044	7	4
A005316	20	32	3	10	22	125	972	6	3
A005316	20	10	4	8	15	40	252	5	2
A005316	20	4	3	6	22	12	63	4	1
A005316	20	1	3	4	15	3	15	3	0
A005316	21	3	1	6	22	3	63	1	19
A005316	21	6	1	8	15	7	15	2	18
A005316	21	15	1	10	22	20	63	3	17
A005316	21	29	1	12	15	42	91	3	16
A005316	21	67	1	14	22	100	63	4	15
A005316	21	134	1	16	15	207	91	4	14
A005316	21	299	1	18	22	468	668	5	13
A005316	21	614	1	20	15	974	252	5	12
A005316	21	1348	1	22	22	2156	972	6	11
A005316	21	2813	1	24	15	4522	2780	6	10
A005316	21	4278	1	22	22	8056	10700	7	9
A005316	21	4579	2	20	15	10072	4044	7	8
A005316	21	2754	3	18	22	8323	15564	8	7
A005316	21	895	4	16	15	3891	44492	8	6
A005316	21	286	4	14	22	1254	15564	8	5
A005316	21	90	4	12	15	392	4044	7	4
A005316	21	32	3	10	22	125	972	6	3
A005316	21	10	4	8	15	40	252	5	2
A005316	21	4	3	6	22	12	63	4	1
A005316	21	1	3	4	15	3	15	3	0
A005316	22	2	1	7	15	2	91	1	20
A005316	22	6	1	9	22	6	63	1	19
A005316	22	11	1	11	15	16	91	3	18
A005316	22	27	1	13	22	37	63	3	17
A005316	22	52	1	15	15	81	91	4	16
A005316	22	119	1	17	22	180	63	4	15
A005316	22	239	1	19	15	382	2701	5	14
A005316	22	531	1	21	22	836	668	5	13
A005316	22	1094	1	23	15	1769	43149	6	12
A005316	22	2397	1	25	22	3844	972	6	11
A005316	22	4550	1	24	15	7692	690317	7	10
A005316	22	6195	1	22	22	12271	10700	7	9
A005316	22	5657	2	20	15	13497	4044	7	8
A005316	22	2824	3	18	22	9502	15564	8	7
A005316	22	895	4	16	15	3961	44492	8	6
A005316	22	286	4	14	22	1254	15564	8	5
A005316	22	90	4	12	15	392	4044	7	4
A005316	22	32	3	10	22	125	972	6	3
A005316	22	10	4	8	15	40	252	5	2
A005316	22	4	3	6	22	12	63	4	1
A005316	22	1	3	4	15	3	15	3	0
A005316	23	3	1	6	22	3	63	1	21
A005316	23	6	1	8	15	7	15	2	20
A005316	23	15	1	10	22	20	63	3	19
A005316	23	29	1	12	15	42	91	3	18
A005316	23	67	1	14	22	100	63	4	17
A005316	23	134	1	16	15	207	91	4	16
A005316	23	299	1	18	22	468	668	5	15
A005316	23	614	1	20	15	974	252	5	14
A005316	23	1348	1	22	22	2156	972	6	13
A005316	23	2813	1	24	15	4522	2780	6	12
A005316	23	6125	1	26	22	9903	10700	7	11
A005316	23	9474	1	24	15	17472	4044	7	10
A005316	23	11215	2	22	22	23726	15564	8	9
A005316	23	8059	2	20	15	21880	44492	8	8
A005316	23	2950	4	18	22	12055	171212	9	7
A005316	23	895	4	16	15	4087	64716	9	6
A005316	23	286	4	14	22	1254	15564	8	5
A005316	23	90	4	12	15	392	4044	7	4
A005316	23	32	3	10	22	125	972	6	3
A005316	23	10	4	8	15	40	252	5	2
A005316	23	4	3	6	22	12	63	4	1
A005316	23	1	3	4	15	3	15	3	0
A005316	24	2	1	7	15	2	91	1	22
A005316	24	6	1	9	22	6	63	1	21
A005316	24	11	1	11	15	16	91	3	20
A005316	24	27	1	13	22	37	63	3	19
A005316	24	52	1	15	15	81	91	4	18
A005316	24	119	1	17	22	180	63	4	17
A005316	24	239	1	19	15	382	2701	5	16
A005316	24	531	1	21	22	836	668	5	15
A005316	24	1094	1	23	15	1769	43149	6	14
A005316	24	2397	1	25	22	3844	972	6	13
A005316	24	5012	1	27	15	8154	690317	7	12
A005316	24	9978	1	26	22	16726	10700	7	11
A005316	24	14099	1	24	15	27264	11045005	8	10
A005316	24	14533	2	22	22	32863	15564	8	9
A005316	24	8647	3	20	15	26078	44492	8	8
A005316	24	2950	4	18	22	12573	171212	9	7
A005316	24	895	4	16	15	4087	64716	9	6
A005316	24	286	4	14	22	1254	15564	8	5
A005316	24	90	4	12	15	392	4044	7	4
A005316	24	32	3	10	22	125	972	6	3
A005316	24	10	4	8	15	40	252	5	2
A005316	24	4	3	6	22	12	63	4	1
A005316	24	1	3	4	15	3	15	3	0
A005316	25	3	1	6	22	3	63	1	23
A005316	25	6	1	8	15	7	15	2	22
A005316	25	15	1	10	22	20	63	3	21
A005316	25	29	1	12	15	42	91	3	20
A005316	25	67	1	14	22	100	63	4	19
A005316	25	134	1	16	15	207	91	4	18
A005316	25	299	1	18	22	468	668	5	17
A005316	25	614	1	20	15	974	252	5	16
A005316	25	1348	1	22	22	2156	972	6	15
A005316	25	2813	1	24	15	4522	2780	6	14
A005316	25	6125	1	26	22	9903	10700	7	13
A005316	25	12905	1	28	15	20903	4044	7	12
A005316	25	21107	1	26	22	38631	15564	8	11
A005316	25	26770	2	24	15	54528	44492	8	10
A005316	25	22496	2	22	22	56405	171212	9	9
A005316	25	9823	3	20	15	35729	64716	9	8
A005316	25	2950	4	18	22	13623	249036	10	7
A005316	25	895	4	16	15	4087	64716	9	6
A005316	25	286	4	14	22	1254	15564	8	5
A005316	25	90	4	12	15	392	4044	7	4
A005316	25	32	3	10	22	125	972	6	3
A005316	25	10	4	8	15	40	252	5	2
A005316	25	4	3	6	22	12	63	4	1
A005316	25	1	3	4	15	3	15	3	0
A005316	26	2	1	7	15	2	91	1	24
A005316	26	6	1	9	22	6	63	1	23
A005316	26	11	1	11	15	16	91	3	22
A005316	26	27	1	13	22	37	63	3	21
A005316	26	52	1	15	15	81	91	4	20
A005316	26	119	1	17	22	180	63	4	19
A005316	26	239	1	19	15	382	2701	5	18
A005316	26	531	1	21	22	836	668	5	17
A005316	26	1094	1	23	15	1769	43149	6	16
A005316	26	2397	1	25	22	3844	972	6	15
A005316	26	5012	1	27	15	8154	690317	7	14
A005316	26	10902	1	29	22	17650	10700	7	13
A005316	26	21281	1	28	15	35832	11045005	8	12
A005316	26	32006	1	26	22	60768	15564	8	11
A005316	26	36190	2	24	15	77851	44492	8	10
A005316	26	25422	2	22	22	70133	171212	9	9
A005316	26	9823	3	20	15	38473	64716	9	8
A005316	26	2950	4	18	22	13623	249036	10	7
A005316	26	895	4	16	15	4087	64716	9	6
A005316	26	286	4	14	22	1254	15564	8	5
A005316	26	90	4	12	15	392	4044	7	4
A005316	26	32	3	10	22	125	972	6	3
A005316	26	10	4	8	15	40	252	5	2
A005316	26	4	3	6	22	12	63	4	1
A005316	26	1	3	4	15	3	15	3	0
A005316	27	3	1	6	22	3	63	1	25
A005316	27	6	1	8	15	7	15	2	24
A005316	27	15	1	10	22	20	63	3	23
A005316	27	29	1	12	15	42	91	3	22
A005316	27	67	1	14	22	100	63	4	21
A005316	27	134	1	16	15	207	91	4	20
A005316	27	299	1	18	22	468	668	5	19
A005316	27	614	1	20	15	974	252	5	18
A005316	27	1348	1	22	22	2156	972	6	17
A005316	27	2813	1	24	15	4522	2780	6	16
A005316	27	6125	1	26	22	9903	10700	7	15
A005316	27	12905	1	28	15	20903	4044	7	14
A005316	27	27970	1	30	22	45494	15564	8	13
A005316	27	46413	1	28	15	83606	44492	8	12
A005316	27	62958	1	26	22	125113	171212	9	11
A005316	27	60170	2	24	15	140580	64716	9	10
A005316	27	31772	3	22	22	103352	249036	10	9
A005316	27	9823	4	20	15	44417	711884	10	8
A005316	27	2950	4	18	22	13623	249036	10	7
A005316	27	895	4	16	15	4087	64716	9	6
A005316	27	286	4	14	22	1254	15564	8	5
A005316	27	90	4	12	15	392	4044	7	4
A005316	27	32	3	10	22	125	972	6	3
A005316	27	10	4	8	15	40	252	5	2
A005316	27	4	3	6	22	12	63	4	1
A005316	27	1	3	4	15	3	15	3	0
A005316	28	2	1	7	15	2	91	1	26
A005316	28	6	1	9	22	6	63	1	25
A005316	28	11	1	11	15	16	91	3	24
A005316	28	27	1	13	22	37	63	3	23
A005316	28	52	1	15	15	81	91	4	22
A005316	28	119	1	17	22	180	63	4	21
A005316	28	239	1	19	15	382	2701	5	20
A005316	28	531	1	21	22	836	668	5	19
A005316	28	1094	1	23	15	1769	43149	6	18
A005316	28	2397	1	25	22	3844	972	6	17
A005316	28	5012	1	27	15	8154	690317	7	16
A005316	28	10902	1	29	22	17650	10700	7	15
A005316	28	22997	1	31	15	37548	11045005	8	14
A005316	28	46383	1	30	22	77653	15564	8	13
A005316	28	71743	1	28	15	133841	176720013	9	12
A005316	28	88066	2	26	22	183064	171212	9	11
A005316	28	71702	2	24	15	181838	64716	9	10
A005316	28	32360	3	22	22	115570	249036	10	9
A005316	28	9823	4	20	15	45005	711884	10	8
A005316	28	2950	4	18	22	13623	249036	10	7
A005316	28	895	4	16	15	4087	64716	9	6
A005316	28	286	4	14	22	1254	15564	8	5
A005316	28	90	4	12	15	392	4044	7	4
A005316	28	32	3	10	22	125	972	6	3
A005316	28	10	4	8	15	40	252	5	2
A005316	28	4	3	6	22	12	63	4	1
A005316	28	1	3	4	15	3	15	3	0
